# oST version 5.0 parameters


[image]

width
640

height
480

[narrow_stereo]

camera matrix
1170.478744 0.000000 321.726256
0.000000 1170.855041 242.672152
0.000000 0.000000 1.000000

distortion
-0.419294 0.343382 0.000306 -0.000493 0.000000

rectification
1.000000 0.000000 0.000000
0.000000 1.000000 0.000000
0.000000 0.000000 1.000000

projection
1134.053448 0.000000 321.721655 0.000000
0.000000 1150.312512 242.833369 0.000000
0.000000 0.000000 1.000000 0.000000
